754.647
442.330
898.018
413.291
964.360
682.607
432.616
634.535
305.472
797.806
975.117
212.461
402.137
486.650
576.618
449.466
247.391
967.725
841.150
427.293
744.846
815.212
779.030
982.060
352.404
713.461
677.281
713.828
760.236
944.870
825.528
933.180
368.607
914.881
407.714
856.104
493.979
554.221
767.910
643.126
457.537
354.140
820.539
471.650
939.252
988.328
948.238
532.956
199.578
747.274
289.225
598.422
361.085
325.617
912.033
780.528
184.189
589.818
473.723
990.299
994.075
290.967
920.197
316.438
535.256
874.393
992.405
495.560
852.876
174.540
946.670
541.293
842.104
266.576
659.231
675.173
689.467
461.140
482.316
924.629
959.969
632.472
753.397
688.895
999.444
458.297
257.858
698.611
874.959
673.457
956.916
881.181
300.830
854.963
722.596
488.660
579.726
629.379
443.068
376.703
885.138
250.299
599.100
459.009
957.211
361.804
726.496
464.670
612.562
165.412
453.278
451.833
884.514
845.009
573.500
848.085
615.749
525.482
818.002
368.027
439.364
986.682
354.719
688.734
503.044
851.176
749.977
922.377
705.101
466.775
654.004
971.747
415.420
796.669
441.590
831.421
540.086
741.995
740.267
367.191
933.631
921.609
992.593
649.263
876.656
869.301
918.074
341.324
427.543
620.783
745.091
787.174
222.364
256.114
796.100
835.715
969.738
1004.077
973.441
976.793
204.884
880.090
997.968
786.998
833.596
382.037
459.721
719.171
398.093
1007.960
522.260
518.579
161.394
678.605
666.607
487.321
194.386
934.920
568.356
518.495
544.300
328.620
738.572
666.118
301.411
898.695
804.630
926.887
394.048
858.760
716.317
355.877
776.764
262.079
897.002
522.605
295.029
940.122
955.556
635.558
392.314
227.024
588.097
680.892
237.501
479.436
433.891
175.708
510.526
171.035
921.962
624.689
861.031
631.440
972.882
417.152
604.158
985.034
661.699
816.409
684.894
751.117
957.256
529.092
570.648
453.998
483.958
547.901
673.419
260.183
471.947
741.585
817.699
801.786
481.164
363.978
737.432
347.030
647.706
588.108
443.805
176.292
300.250
760.666
343.141
712.890
744.216
853.443
565.135
980.700
357.613
1005.741
1002.967
448.202
495.300
905.591
952.490
996.188
865.177
346.036
406.180
507.674
387.688
748.580
836.494
793.765
723.350
998.143
546.751
801.114
709.248
930.038
758.092
433.371
980.073
813.613
937.004
555.370
567.432
264.833
785.104
603.441
721.546
961.133
693.920
866.680
391.343
230.110
319.967
206.048
255.750
275.290
982.391
379.016
670.994
169.335
919.136
336.191
931.382
659.725
870.052
915.591
441.968
703.250
960.572
656.256
578.599
568.930
177.460
899.827
996.300
910.248
550.265
611.038
538.706
929.131
895.115
933.876
713.371
362.708
608.745
636.253
755.510
725.598
337.467
468.489
187.718
892.204
699.533
932.831
525.377
753.968
414.843
700.324
517.865
547.291
755.079
763.230
743.340
738.002
644.728
726.944
988.507
281.098
243.901
936.310
657.249
903.794
370.920
811.610
727.162
405.025
720.313
346.615
274.298
523.509
889.094
678.033
766.211
543.304
543.878
821.107
349.848
864.048
259.020
935.963
749.885
409.315
1000.190
603.011
319.527
562.003
417.228
775.506
741.425
966.730
818.267
733.192
946.554
299.090
984.048
483.468
924.066
784.153
642.701
522.885
863.672
959.630
957.935
732.747
776.184
837.567
644.843
896.437
197.303
325.762
846.548
803.143
595.276
574.069
660.299
571.219
624.167
752.827
234.346
497.864
765.786
343.720
333.874
970.087
958.332
828.676
858.542
456.869
930.388
399.613
418.884
740.283
293.868
857.244
840.763
393.011
251.876
217.705
600.732
669.048
635.045
516.602
867.056
431.860
481.740
192.891
930.256
724.879
680.162
862.507
398.670
237.128
952.725
518.004
777.891
556.165
239.829
896.568
657.745
496.136
593.630
855.344
451.772
908.288
350.089
452.349
245.646
498.440
851.913
259.602
345.139
938.391
322.587
245.065
293.902
1011.284
883.042
662.191
806.903
648.761
986.023
590.965
947.013
937.698
947.356
940.813
469.641
908.852
379.594
894.178
434.877
636.584
505.346
695.796
929.693
470.262
865.553
965.034
856.277
836.883
512.827
807.186
883.442
621.929
700.896
451.110
549.672
863.639
927.443
500.166
304.842
817.130
519.730
790.412
497.931
996.514
299.422
979.584
486.348
777.322
769.920
364.507
990.735
678.723
160.516
914.525
991.848
1004.632
373.234
992.920
981.729
612.185
664.305
850.001
241.240
721.094
521.634
595.555
568.580
610.465
488.076
832.985
780.111
707.869
583.652
245.283
708.789
490.955
684.322
800.707
178.628
838.437
515.336
850.042
866.305
474.828
385.954
290.539
425.235
980.736
431.582
623.644
179.212
231.531
830.191
328.659
201.215
887.399
369.764
773.337
938.690
616.278
771.717
639.140
524.907
374.251
685.465
786.429
341.403
803.953
289.805
707.180
745.986
865.904
729.445
803.492
939.084
811.209
324.603
327.622
630.406
927.588
864.801
671.480
664.158
530.941
909.175
288.064
435.045
571.790
626.514
550.200
801.520
195.553
523.757
848.852
538.269
958.952
425.812
250.571
238.082
737.621
242.738
875.643
154.667
622.503
282.536
897.293
175.124
752.053
816.010
650.568
163.438
823.554
500.742
337.929
224.694
307.212
879.484
861.409
405.301
945.431
604.732
555.578
329.615
412.533
249.260
814.013
461.848
474.252
733.636
444.275
974.000
560.259
765.933
986.353
867.602
874.528
247.973
995.744
393.842
653.431
850.384
494.409
383.746
501.200
381.330
704.639
577.192
274.709
422.678
584.769
662.587
944.308
652.859
551.923
975.086
703.182
930.737
591.979
463.966
335.033
651.141
189.458
772.198
429.851
558.242
572.599
306.052
965.611
608.823
934.572
868.930
970.646
215.375
560.841
454.078
548.483
842.309
878.240
375.547
318.228
157.273
260.764
962.812
815.611
886.833
903.434
889.648
452.556
784.689
504.195
472.342
942.885
796.222
309.531
940.376
315.909
404.493
835.326
925.834
437.873
852.309
535.831
834.936
971.078
977.416
178.044
790.065
760.237
775.925
941.850
801.218
496.712
942.195
767.073
645.989
696.325
902.353
196.136
717.459
1011.838
460.431
546.097
532.169
556.752
382.893
504.447
774.476
380.321
873.411
344.299
421.903
839.836
424.657
219.452
541.005
805.975
966.171
590.875
376.125
426.389
630.525
263.327
889.282
762.515
576.904
212.320
639.690
216.540
416.575
953.854
920.550
327.501
310.691
597.849
634.531
566.054
686.609
966.044
728.735
286.903
428.058
909.533
169.282
951.124
919.843
895.872
1000.746
267.738
722.448
247.941
441.391
806.379
736.861
778.021
984.044
761.949
894.752
797.448
613.626
453.502
889.659
857.409
575.772
938.045
1007.406
365.404
826.316
512.158
991.283
168.113
653.768
768.212
229.352
780.169
845.394
882.305
759.096
243.942
445.276
964.697
992.266
909.416
553.813
481.928
607.025
856.843
860.808
318.808
339.087
532.381
330.978
432.736
780.945
665.449
947.699
675.353
765.361
553.072
676.888
980.404
688.323
811.449
805.198
420.351
410.910
333.564
546.177
242.156
734.009
960.012
447.736
876.386
686.364
183.299
232.943
899.103
736.738
943.229
797.856
794.994
834.546
833.766
762.804
976.751
329.239
155.837
502.468
982.722
506.386
577.766
925.482
495.959
639.117
555.945
859.518
437.353
385.447
726.020
788.001
795.813
772.561
463.302
861.374
775.045
664.877
764.509
998.523
543.099
584.079
550.774
987.999
416.443
938.738
490.379
521.008
631.671
588.662
963.686
513.978
400.430
565.477
852.295
640.835
542.154
630.923
240.411
660.713
967.389
837.000
288.644
343.237
254.465
1009.068
694.040
207.634
812.011
807.992
848.468
948.042
823.378
358.192
951.807
150.881
832.594
777.602
802.737
326.342
738.504
468.870
870.426
566.630
311.850
270.643
898.380
527.857
958.274
459.844
898.742
215.957
570.076
784.722
619.637
611.496
581.784
462.555
835.865
351.714
457.583
911.671
837.272
694.389
184.466
330.398
231.099
413.111
572.361
401.559
756.817
310.167
185.962
633.502
414.870
769.181
958.613
954.535
798.264
856.864
866.470
539.280
621.356
891.474
439.084
617.864
679.203
962.253
440.814
672.313
448.889
925.191
674.029
381.180
719.737
282.259
990.178
785.860
923.372
371.619
821.675
967.849
419.572
626.253
321.126
381.908
670.508
779.693
627.814
962.674
733.439
827.352
804.060
383.064
594.179
878.980
370.342
949.071
769.604
384.798
557.668
642.194
548.475
316.489
645.233
669.535
443.698
450.384
213.627
949.413
714.603
804.763
970.743
796.631
957.595
827.497
888.916
698.601
671.965
301.991
424.992
500.548
861.786
228.681
827.890
948.385
448.313
682.035
616.772
285.993
891.918
284.581
847.317
557.338
915.616
573.747
435.622
492.655
406.107
913.362
961.322
838.702
608.172
732.868
560.540
981.817
707.408
480.012
794.394
1001.301
825.649
910.962
236.337
877.128
827.920
680.641
581.973
800.081
833.376
873.038
714.284
931.087
888.529
466.074
390.578
276.677
221.395
693.468
314.362
822.242
690.624
511.101
779.600
227.242
273.547
492.106
938.128
684.462
172.787
575.470
469.065
284.001
544.900
499.015
357.035
764.793
971.413
844.624
923.724
821.179
1006.851
574.637
738.945
829.069
968.969
434.468
989.621
636.826
437.126
419.461
362.821
899.824
795.532
789.843
397.515
906.596
983.491
760.806
499.591
692.980
676.317
656.865
264.251
913.458
990.955
623.649
484.044
615.052
794.963
749.015
402.714
868.169
917.870
366.298
501.893
711.542
915.053
465.373
431.102
839.988
516.279
936.657
477.132
531.555
596.918
561.689
879.720
422.349
613.332
170.450
189.719
222.871
872.666
703.753
908.818
402.873
598.010
770.450
851.743
917.011
971.764
656.753
375.995
666.593
613.906
744.654
730.016
894.743
609.894
202.839
432.159
314.749
761.375
662.015
263.089
521.455
446.583
602.900
374.390
554.402
1008.514
717.470
297.930
529.709
908.102
979.026
627.660
387.141
363.609
389.667
764.224
353.570
585.801
275.490
995.535
556.519
903.210
712.319
473.675
702.786
812.018
312.430
614.689
270.691
667.165
774.665
491.530
819.195
497.288
384.220
688.261
236.919
520.305
893.614
510.881
414.265
644.271
694.611
766.636
352.643
410.801
345.457
344.189
586.997
812.412
943.574
695.327
752.257
306.632
176.918
962.336
652.287
884.146
530.325
514.702
643.715
932.134
443.121
780.738
339.666
651.770
675.745
793.257
648.258
877.869
875.271
960.984
596.702
269.477
633.962
822.763
193.220
639.650
499.895
949.755
161.100
730.075
856.484
470.794
891.839
878.918
950.440
905.950
632.987
290.386
161.685
159.345
930.818
547.326
953.513
679.177
906.309
835.298
697.667
631.956
538.875
537.055
209.208
748.145
601.817
601.275
253.789
1002.412
669.453
667.737
786.761
467.474
612.758
702.611
351.825
411.956
734.523
761.945
813.154
902.646
515.969
873.783
256.695
928.005
706.486
285.742
448.931
979.078
312.272
652.270
795.404
342.282
791.300
961.660
738.063
251.463
355.299
877.222
613.094
352.983
513.402
725.450
478.527
238.506
213.860
511.676
593.080
756.247
526.618
418.792
359.991
714.740
610.428
747.127
592.113
328.080
678.242
928.989
772.982
524.755
928.568
862.164
375.124
916.743
681.598
981.398
814.290
407.336
262.508
854.009
888.184
802.923
644.222
384.598
233.427
409.068
984.606
356.336
618.392
839.601
786.347
544.453
526.057
819.989
280.517
489.227
864.425
331.557
342.562
986.836
310.111
770.490
569.728
757.387
421.128
714.032
859.109
887.451
750.319
396.937
279.035
806.783
701.858
984.704
557.093
941.159
188.552
632.243
773.403
978.081
872.130
470.956
458.114
947.115
523.181
634.017
759.666
993.902
940.938
807.472
961.998
444.541
604.521
663.160
650.768
387.110
792.119
387.985
778.857
504.770
944.263
732.302
697.468
937.351
891.353
741.146
259.566
890.379
1001.856
391.736
987.670
735.410
179.796
683.179
735.720
989.064
252.626
903.774
586.948
508.317
690.039
950.098
994.882
947.676
460.997
745.528
629.952
249.717
493.317
830.245
913.814
638.545
578.340
823.949
575.205
489.995
227.606
684.938
268.900
258.300
307.791
692.509
792.533
574.321
574.896
206.633
945.992
608.287
895.842
627.087
396.325
965.708
914.489
959.452
667.585
601.291
373.812
572.931
494.640
735.150
715.651
897.655
376.864
885.249
864.771
292.708
580.850
380.172
279.936
948.799
751.620
819.403
533.531
586.441
785.518
927.237
768.781
157.591
436.378
615.219
865.338
723.167
911.676
440.237
794.585
285.162
985.694
993.248
594.728
399.248
880.829
698.039
183.882
901.993
902.714
525.998
156.422
299.670
834.156
655.148
999.119
625.732
826.784
231.681
878.353
542.729
335.521
439.660
282.839
892.568
211.295
893.048
726.047
782.611
876.090
436.776
921.814
527.238
244.483
888.550
996.840
893.297
222.947
706.038
486.924
654.764
547.887
853.439
350.667
406.912
664.648
799.512
595.824
512.795
659.154
896.930
399.826
987.950
302.571
900.188
912.745
163.416
912.798
354.495
716.888
1003.522
186.218
870.999
623.121
456.961
192.636
225.859
159.930
778.439
680.320
822.810
566.858
651.269
295.014
670.597
923.503
822.368
976.085
459.268
979.409
625.368
708.329
720.642
761.522
276.451
646.561
935.615
810.406
728.287
248.554
371.499
540.690
832.461
834.163
616.807
848.909
749.407
191.470
589.244
882.312
321.570
841.536
191.182
169.866
208.964
723.800
859.139
754.216
314.169
469.567
164.023
712.914
727.840
602.359
455.808
972.081
470.218
686.838
489.803
841.537
475.404
365.713
323.600
531.232
727.392
762.376
605.305
771.059
976.234
493.258
540.430
846.933
332.136
404.447
698.134
370.738
480.588
465.031
501.317
356.456
462.150
321.706
951.043
969.068
758.522
774.245
909.980
215.388
850.766
501.851
869.304
311.271
691.182
592.686
997.817
874.156
958.892
319.388
783.015
530.657
368.081
742.565
202.552
725.149
736.291
173.168
283.420
434.125
358.771
813.722
490.661
426.528
702.038
1010.730
869.678
239.877
808.798
487.500
489.328
871.547
720.190
855.724
832.203
872.696
287.136
363.399
185.633
699.999
468.173
450.619
423.503
618.491
477.159
366.292
579.162
625.211
265.995
787.567
206.050
946.326
542.498
461.573
829.622
799.894
967.290
268.319
444.851
246.615
721.455
513.431
403.292
646.747
968.397
249.136
939.430
292.127
937.566
824.514
153.041
336.495
681.464
531.807
348.352
349.510
649.765
729.182
840.970
412.499
281.374
677.762
377.732
895.479
696.732
748.267
208.381
752.919
790.981
507.648
855.710
410.114
641.686
570.877
761.094
844.941
508.959
320.547
661.443
505.921
207.798
536.446
884.573
689.680
218.870
799.079
987.012
559.391
502.501
724.250
298.326
589.216
423.450
844.239
635.680
617.345
843.240
966.717
472.523
839.269
305.915
956.576
756.802
428.697
621.024
569.503
677.461
405.602
372.655
396.359
433.314
911.319
291.547
907.027
418.011
710.167
447.472
171.619
771.629
772.139
748.837
887.818
973.418
374.968
781.779
862.541
768.334
238.665
880.615
681.120
863.073
347.773
496.617
491.327
874.900
550.858
602.438
980.142
721.997
704.895
590.392
739.143
454.655
390.000
829.853
747.710
517.234
519.155
704.324
977.749
653.269
904.873
954.195
393.469
949.921
479.890
977.084
360.899
250.880
668.881
562.584
972.750
665.139
978.413
867.806
324.024
456.384
524.332
901.517
872.293
916.656
990.627
410.223
391.158
372.077
162.854
175.053
755.108
868.181
922.315
775.614
750.753
167.529
192.053
907.743
252.044
711.748
912.235
694.859
567.781
906.668
601.864
854.202
620.498
232.263
700.464
467.913
197.886
346.086
232.845
788.136
477.708
491.991
934.194
545.499
812.813
269.481
818.835
739.826
474.412
362.242
671.741
865.929
781.362
802.332
810.004
306.983
915.946
485.772
217.122
593.260
649.423
559.965
798.375
386.295
541.579
834.731
953.286
549.077
234.591
851.149
578.034
592.529
945.639
989.970
333.295
890.744
537.662
428.120
493.833
641.408
563.164
347.194
506.497
817.604
308.951
777.183
494.985
953.172
939.776
403.869
594.407
973.752
278.194
820.386
800.649
607.599
507.031
882.877
182.398
485.196
845.508
1006.297
515.703
985.721
715.196
278.775
545.028
605.878
932.507
158.176
625.942
975.676
789.274
668.073
825.081
757.957
482.606
372.499
997.491
785.933
967.053
805.167
840.403
706.609
875.525
699.753
