772.768
942.195
924.779
706.609
656.293
852.295
893.048
942.540
799.894
659.725
745.528
379.594
755.677
605.600
944.263
536.981
609.894
818.798
899.465
181.547
741.146
870.800
379.016
979.026
936.442
777.322
674.870
755.079
957.771
640.263
959.630
930.256
994.075
343.237
823.554
847.317
925.754
796.100
811.209
925.834
392.891
694.040
743.779
967.389
296.189
817.206
784.722
982.375
609.892
545.499
237.128
481.164
411.378
977.749
487.991
332.581
859.896
836.433
801.926
313.010
513.402
751.117
437.930
956.237
710.035
265.995
1007.406
1012.392
1004.077
865.177
853.439
278.194
870.433
256.114
779.693
897.293
192.636
945.431
945.992
515.969
980.073
555.370
480.588
356.336
892.204
721.997
623.121
308.951
984.606
900.549
763.084
673.419
559.676
171.262
881.181
197.886
967.725
284.845
604.732
882.305
243.320
659.154
951.124
369.185
713.828
724.308
600.732
947.356
381.180
574.637
407.336
167.529
977.351
534.617
683.179
761.522
207.215
764.083
323.444
709.708
522.260
652.769
316.438
986.682
542.729
592.113
949.360
497.864
985.163
728.304
515.128
976.418
467.336
508.798
424.080
338.435
254.370
616.198
866.680
758.092
616.278
718.378
939.430
588.108
330.606
721.546
746.556
289.409
716.561
737.621
183.882
577.766
712.890
911.676
263.089
542.154
219.452
474.412
434.877
807.186
220.035
437.126
540.690
882.312
297.930
457.537
900.953
780.169
450.384
148.688
907.385
704.895
572.599
462.555
502.468
663.732
681.120
260.826
700.324
632.987
312.430
433.314
655.262
448.931
994.555
485.979
914.489
871.920
854.202
187.718
280.207
579.162
191.470
235.741
744.654
365.713
770.490
895.872
674.601
873.828
726.020
683.031
786.347
672.935
713.371
233.427
677.281
735.720
700.929
535.256
646.561
547.291
330.398
613.332
499.895
917.870
423.450
352.983
724.250
837.567
331.595
989.314
985.034
833.376
249.260
500.742
966.171
629.370
199.636
898.018
861.031
303.151
628.233
469.567
881.746
241.240
348.352
443.068
268.319
874.393
837.000
554.796
841.537
499.241
918.782
920.550
491.991
688.895
975.752
653.768
562.584
488.652
841.150
460.421
501.893
362.821
803.548
589.770
532.169
869.867
221.782
658.736
713.461
484.044
343.141
876.656
568.930
869.678
566.054
671.480
856.484
879.350
607.599
884.514
826.316
517.234
464.670
184.466
982.722
326.621
335.033
340.245
647.251
789.652
656.753
730.586
776.753
868.181
861.409
331.557
226.442
202.552
258.439
675.353
349.510
742.025
684.322
681.598
727.162
676.888
396.359
842.309
212.320
357.035
501.317
784.153
702.786
991.292
333.295
471.947
816.808
310.111
704.324
785.518
474.828
393.011
545.028
768.334
712.914
812.813
501.851
710.625
792.533
243.901
780.738
204.884
842.673
919.561
220.617
359.991
174.540
816.562
831.029
701.394
387.985
569.154
213.860
856.843
345.457
436.199
194.970
612.185
421.194
430.343
756.247
644.728
315.402
982.391
538.875
332.136
195.553
509.601
696.897
832.985
651.770
364.507
877.499
684.894
427.293
483.958
870.052
478.527
236.337
341.403
970.408
660.713
513.431
731.157
952.831
391.736
706.486
738.945
974.000
893.661
384.598
363.978
159.930
920.903
885.703
903.794
484.632
594.728
477.843
346.615
634.535
589.818
663.175
797.856
859.139
829.069
932.134
428.697
452.556
688.323
875.643
959.452
931.087
968.397
250.571
785.860
670.994
470.218
238.665
637.096
706.038
823.946
338.508
769.181
204.450
854.576
477.708
782.195
937.004
935.880
888.184
559.391
324.610
802.332
778.021
745.965
561.114
631.956
416.443
211.878
566.283
344.878
776.184
565.135
589.244
666.593
949.413
845.508
759.380
549.672
921.609
455.808
262.079
617.864
491.327
470.956
355.417
428.120
977.416
301.602
318.228
838.702
553.223
595.555
482.606
801.786
1005.186
531.232
838.134
1000.190
169.866
563.743
886.268
678.033
841.536
557.668
926.317
854.582
398.670
906.668
857.976
683.508
884.573
767.061
488.076
571.219
876.014
967.849
689.467
404.447
842.696
703.713
630.923
511.676
735.150
516.602
963.011
249.717
690.152
530.941
980.404
291.664
166.360
342.562
922.315
783.027
329.819
627.814
632.816
846.075
577.470
419.461
676.317
547.887
896.930
404.493
975.676
621.549
940.122
797.448
969.403
519.155
908.818
424.222
891.353
485.772
290.967
813.722
354.140
990.955
954.407
870.426
936.310
830.758
601.864
550.265
857.409
290.386
619.637
273.101
190.886
802.923
575.470
580.062
412.499
380.321
720.313
445.428
934.194
463.261
608.287
785.291
938.128
309.531
544.300
289.225
274.709
948.042
725.149
725.598
974.753
268.900
689.680
829.853
981.398
996.514
862.918
981.258
523.757
177.460
268.259
851.913
486.348
279.035
652.287
592.686
585.227
789.843
311.271
515.703
236.919
539.855
671.169
537.055
411.705
877.869
946.326
675.745
832.594
971.413
340.364
164.607
798.944
984.704
812.011
878.918
634.017
892.483
440.237
831.326
315.329
871.173
686.838
855.142
362.708
406.107
772.198
947.013
495.300
903.434
221.200
581.412
347.972
390.506
739.713
879.720
771.295
767.073
624.689
843.807
724.879
979.078
675.835
687.752
405.025
462.726
252.626
894.025
194.584
980.142
550.858
890.744
625.211
1007.960
612.758
948.385
553.647
661.699
549.077
258.300
920.197
450.042
253.789
288.644
396.325
888.916
816.409
657.745
578.914
242.738
210.770
669.535
995.535
880.615
669.453
963.932
752.486
235.755
421.903
968.732
328.080
610.428
369.764
163.438
647.706
291.547
592.529
957.211
337.929
583.652
466.074
788.705
304.842
664.305
597.275
917.720
670.508
906.309
202.839
863.672
919.136
714.284
680.162
250.880
301.411
672.885
642.701
677.762
809.602
649.765
376.703
399.613
628.852
546.097
562.838
708.329
971.205
368.081
432.159
818.835
460.997
552.633
788.827
838.437
639.690
505.921
520.880
402.714
899.827
700.896
363.609
928.568
922.940
903.774
870.999
171.035
531.807
446.006
603.011
841.923
752.919
425.235
1001.301
969.068
573.747
992.593
643.698
531.555
755.108
912.033
350.089
790.065
943.229
446.009
867.431
660.871
227.606
698.039
939.776
479.436
428.821
627.087
232.263
995.209
610.465
528.475
814.812
742.463
993.248
697.200
918.074
913.102
1008.514
937.351
650.768
467.474
184.189
992.961
731.727
587.553
326.342
525.998
676.799
316.489
863.295
686.364
990.627
760.666
858.002
620.783
736.861
414.265
625.732
902.714
781.362
524.332
851.743
987.012
941.504
962.812
468.173
519.730
679.748
475.101
982.060
201.215
825.528
602.359
888.529
252.044
224.694
293.902
719.737
913.362
840.970
988.985
785.104
999.444
284.581
612.029
941.499
752.053
764.509
721.455
804.060
849.476
275.290
814.013
794.394
156.422
263.670
327.622
900.910
836.494
813.213
300.514
590.965
383.642
413.111
455.231
857.244
885.249
514.553
904.339
475.788
910.605
883.410
912.798
514.067
441.391
647.134
926.887
466.184
803.953
776.764
641.686
808.395
635.558
546.694
740.854
368.607
687.180
685.889
760.237
494.985
580.636
442.330
827.497
245.646
215.375
532.782
714.032
154.083
415.657
767.910
939.252
958.613
473.723
322.865
952.148
886.351
227.024
180.590
440.814
929.131
873.262
290.539
923.020
414.081
827.920
834.546
538.269
723.167
739.826
286.903
624.167
691.182
358.192
924.066
738.504
222.364
631.671
831.893
813.613
451.772
368.027
876.090
678.723
629.379
967.290
542.498
665.139
399.826
727.840
746.402
593.080
826.784
498.586
503.151
966.730
490.955
751.187
714.740
218.412
825.081
308.371
373.234
757.387
357.613
636.826
586.997
221.395
624.795
778.439
335.612
296.122
928.005
597.849
730.967
982.933
465.031
582.533
215.957
340.824
1002.967
376.864
945.639
755.510
293.288
962.253
374.390
454.717
897.655
976.751
606.676
526.632
909.891
967.053
467.913
988.328
731.412
242.595
172.787
848.909
839.269
950.440
247.973
722.899
440.849
734.009
830.637
246.228
665.629
876.386
761.375
508.223
529.507
275.870
723.350
608.172
910.962
864.205
537.662
259.020
642.553
359.349
352.643
832.461
913.814
277.858
271.224
852.676
874.959
522.030
948.728
872.130
950.482
915.053
988.657
793.257
906.032
545.602
736.738
318.501
605.061
876.757
834.156
960.984
584.211
673.903
448.202
270.062
862.507
403.292
417.228
960.572
926.185
421.771
496.712
509.949
593.630
995.861
489.328
224.338
441.590
634.531
1001.856
643.126
744.276
805.167
580.850
693.920
196.136
367.449
992.405
636.253
906.596
595.276
544.900
382.893
559.965
388.844
976.085
697.667
626.514
793.355
553.072
330.978
507.648
608.745
267.157
561.422
821.179
571.451
283.693
602.900
829.055
874.900
800.649
961.133
679.683
758.951
678.242
481.740
318.808
794.963
780.945
288.064
239.247
573.500
173.956
667.737
653.431
779.030
766.503
887.451
586.441
898.742
974.419
204.301
321.570
361.804
347.194
757.233
825.922
481.928
228.188
247.391
663.160
805.975
510.526
504.195
763.657
786.761
492.106
993.902
475.980
741.425
817.604
981.729
279.356
426.966
699.067
657.438
983.714
449.466
366.298
880.459
761.094
947.676
483.468
846.164
399.248
425.760
475.404
566.630
697.468
649.263
712.000
988.507
640.835
217.705
831.812
303.732
537.556
440.107
581.210
474.252
749.407
640.669
805.767
384.798
702.323
774.665
742.565
406.757
574.896
919.843
875.525
199.052
518.495
245.065
859.518
418.792
346.036
688.734
530.657
644.271
763.654
933.631
326.921
942.885
530.082
908.460
365.404
249.136
347.030
332.716
375.124
547.901
594.179
992.266
234.346
455.436
370.920
710.606
585.801
907.027
814.413
470.794
533.531
218.287
898.380
623.644
954.535
898.131
911.107
984.048
538.131
892.932
776.345
561.689
748.145
410.223
564.561
153.498
699.999
179.212
527.857
576.904
747.710
422.926
215.388
341.324
403.684
761.945
848.852
867.602
543.304
699.182
182.715
717.016
613.094
979.741
299.422
491.530
755.941
810.881
947.699
651.714
577.192
457.583
659.727
468.489
953.286
847.775
434.468
182.131
397.150
968.969
970.743
637.398
832.203
914.169
865.929
676.317
666.021
517.429
883.042
620.498
275.490
355.877
897.002
917.307
721.094
647.755
600.718
259.602
900.389
492.682
172.203
955.897
749.977
974.559
997.817
768.757
415.998
1002.412
924.076
890.379
843.853
824.739
254.465
751.687
451.833
860.808
532.956
790.477
394.626
989.970
814.290
580.288
732.868
238.506
643.208
780.528
344.299
319.388
961.693
943.184
962.674
794.175
820.783
996.188
496.136
212.461
157.273
300.250
866.305
179.796
416.575
287.136
658.241
576.044
157.007
388.266
955.556
677.461
868.930
960.012
541.005
860.653
934.756
905.591
228.770
328.620
873.411
187.969
885.617
214.209
903.074
261.926
692.509
1006.297
520.381
282.839
723.800
947.115
886.833
904.513
282.536
255.533
584.769
392.177
436.378
824.514
809.745
570.877
585.327
703.753
166.945
986.353
254.951
914.881
448.889
379.460
438.507
711.177
806.335
729.182
321.126
657.249
435.622
760.806
550.200
902.082
822.810
819.195
696.732
928.639
161.685
783.015
952.490
185.050
606.138
765.786
691.096
910.543
846.548
376.125
834.731
920.124
522.605
753.968
756.372
648.851
633.389
413.291
708.789
478.284
510.241
302.571
925.191
458.297
422.678
372.499
838.825
586.374
648.258
552.042
991.283
959.291
214.792
314.169
566.858
646.747
891.109
534.006
952.165
447.159
645.233
622.073
173.372
858.381
785.933
407.913
734.580
822.368
454.078
682.607
535.228
344.189
1009.623
820.386
750.753
858.542
635.045
961.322
500.548
868.735
701.858
806.783
471.370
833.766
264.833
924.629
810.004
668.561
998.143
505.346
371.619
453.278
862.541
798.375
617.336
850.609
611.496
740.706
934.920
977.084
662.587
272.966
482.316
449.658
849.618
769.604
618.392
879.484
401.246
541.293
628.806
889.282
517.865
345.139
784.274
753.352
193.220
682.035
523.509
877.787
887.399
951.465
620.210
788.414
443.698
779.600
720.642
564.900
911.671
536.406
512.158
437.353
380.750
464.455
718.030
695.754
770.027
966.717
923.503
718.601
583.505
482.892
441.968
698.611
567.206
768.212
409.315
854.009
927.237
899.824
248.554
227.242
874.156
333.564
668.309
819.971
945.295
543.099
540.430
576.618
518.579
514.702
632.243
860.242
241.574
799.486
553.813
937.004
223.529
385.954
734.080
952.725
390.000
836.105
588.670
792.122
835.865
894.743
463.879
718.831
543.878
173.168
218.870
742.902
628.333
834.936
649.423
406.912
827.352
999.079
365.135
835.715
847.208
562.264
175.708
837.272
964.360
954.195
499.015
722.448
590.875
794.994
394.048
918.433
871.547
175.053
935.268
541.896
418.884
613.626
940.938
929.693
965.611
304.892
539.280
816.010
515.336
710.167
190.303
169.335
260.183
860.275
933.528
711.748
656.256
937.698
476.556
712.457
934.224
614.479
705.101
927.938
623.076
267.738
969.738
687.313
686.609
908.288
533.395
186.802
940.813
645.738
720.190
350.667
856.277
734.967
579.726
582.931
422.349
815.212
507.031
998.794
311.221
498.440
972.750
511.101
703.250
929.339
891.918
508.959
420.351
944.951
234.009
353.570
698.134
702.038
200.220
281.098
432.616
862.164
843.082
853.058
454.655
393.842
310.691
704.639
683.750
989.064
627.660
429.851
512.795
230.517
945.983
551.450
535.837
414.843
667.096
989.621
390.578
959.969
294.449
635.680
855.710
846.641
966.381
504.447
448.313
306.632
973.418
791.549
398.794
855.344
908.102
569.728
900.188
335.521
607.214
909.416
256.695
701.467
590.323
483.282
834.163
347.773
471.650
899.103
208.964
235.173
923.372
573.173
655.721
277.032
505.095
334.544
786.429
322.587
307.791
748.580
933.180
157.591
267.034
206.633
558.817
749.885
320.547
298.510
162.269
856.104
308.048
914.525
414.870
325.183
958.274
961.998
903.210
938.391
323.600
732.298
672.313
651.141
373.376
918.998
324.024
707.408
653.269
775.614
452.925
783.584
812.412
687.787
912.745
351.714
444.275
791.300
405.602
800.707
935.615
503.044
850.001
693.450
966.044
599.100
921.814
522.885
908.852
855.724
155.837
477.159
234.591
298.326
921.250
852.876
929.689
259.566
600.144
505.741
284.001
983.491
231.681
808.608
158.176
206.048
364.557
861.374
729.445
380.172
984.374
1000.746
997.491
503.800
489.995
197.928
617.918
547.326
709.464
423.503
564.322
970.646
864.048
772.561
178.764
283.420
251.463
495.560
670.597
188.552
680.320
599.569
866.470
883.778
516.854
937.566
526.618
641.981
974.086
222.871
707.751
942.061
368.968
803.492
915.236
705.467
898.695
473.099
667.585
803.143
714.603
557.923
563.412
649.996
554.990
675.173
247.941
682.076
769.920
363.399
882.673
702.611
711.542
587.523
598.010
809.176
918.428
724.700
932.507
799.512
473.675
659.231
936.657
980.736
890.013
801.520
246.615
830.191
257.277
840.763
679.177
313.318
472.342
468.870
319.967
232.943
598.422
314.362
629.952
317.069
301.991
984.044
194.386
593.260
292.127
431.102
704.176
867.806
189.136
804.763
178.044
735.853
761.949
636.584
912.389
930.818
829.461
732.747
791.711
997.412
591.539
669.048
548.475
807.472
950.782
196.719
641.408
720.884
790.412
851.149
789.274
878.610
280.517
534.106
783.443
941.850
389.422
893.614
904.873
511.520
584.079
884.008
350.782
351.246
466.775
964.697
400.981
358.168
559.092
972.416
645.989
660.219
851.176
607.025
219.908
609.319
378.438
806.379
396.937
867.036
271.898
728.735
207.798
619.064
890.224
225.276
272.386
885.138
567.432
894.752
923.724
276.451
928.289
453.998
645.416
549.051
896.437
600.189
165.412
417.152
387.141
360.899
621.024
771.629
616.772
962.336
618.919
521.634
426.389
525.482
269.477
810.808
738.572
231.531
185.633
409.646
196.263
274.128
831.421
737.180
840.375
339.401
772.139
496.617
470.262
872.666
1011.838
224.111
292.708
1005.741
325.762
451.196
682.554
516.279
481.250
426.528
796.631
881.936
919.490
979.584
771.059
752.827
950.098
494.640
958.952
367.191
759.096
973.752
447.736
794.585
814.858
931.382
905.467
486.650
612.562
485.306
237.501
895.308
495.959
968.061
901.271
863.639
750.319
524.132
975.419
759.666
797.806
989.642
798.264
203.135
738.063
741.995
797.039
944.870
690.624
802.737
499.591
954.876
456.153
