805.167
629.888
609.319
692.980
750.753
952.725
586.948
899.465
674.387
496.617
918.998
997.166
175.053
285.162
535.831
650.568
304.312
546.177
995.209
188.552
786.429
322.587
839.213
986.353
974.753
487.991
692.509
168.113
559.676
857.244
418.307
745.528
473.033
670.025
157.007
341.982
778.857
955.216
300.250
889.094
505.095
645.233
463.261
956.237
243.901
228.681
276.451
855.710
260.764
896.205
976.418
688.323
330.978
376.125
522.030
658.010
892.568
930.737
460.431
834.936
534.681
913.102
990.735
943.574
443.068
275.490
506.497
511.520
336.770
540.086
942.195
299.670
967.725
375.995
243.320
260.183
312.272
517.865
534.617
187.718
355.417
877.869
540.430
234.346
780.528
477.132
985.163
751.187
845.009
158.176
825.649
287.136
627.660
783.858
837.272
208.964
613.332
965.371
604.158
837.000
493.979
734.967
328.080
608.823
349.848
420.351
567.432
771.059
500.742
800.300
874.393
890.788
851.913
632.472
907.160
825.081
712.890
463.966
890.224
766.636
232.943
738.945
747.710
997.968
804.763
237.128
770.873
827.890
177.460
805.975
252.044
992.961
549.051
998.143
512.827
383.642
560.259
307.791
674.870
992.593
706.486
656.753
817.699
273.547
500.548
646.243
663.160
383.064
567.206
529.507
778.021
402.873
856.277
940.813
535.256
832.985
972.750
216.540
237.501
417.152
213.860
726.020
260.826
406.912
752.486
904.339
382.486
930.388
944.870
602.359
809.176
879.350
893.614
952.831
977.416
966.171
653.431
792.944
852.876
797.856
483.282
644.222
894.743
331.595
747.274
772.982
354.140
697.200
783.443
982.933
791.300
730.075
681.464
921.256
438.507
871.920
533.531
271.805
238.665
659.154
287.483
901.517
207.798
950.440
757.233
970.646
253.174
430.428
604.732
807.992
633.962
414.870
341.403
892.932
844.624
911.107
401.559
535.837
320.551
266.576
861.409
669.048
810.406
162.854
563.164
449.466
486.348
991.848
953.847
337.467
366.870
753.784
907.724
659.727
751.117
954.968
553.647
561.689
475.788
963.349
1008.514
806.903
797.806
524.132
981.817
975.752
748.580
803.548
702.786
739.826
880.829
800.649
485.979
949.360
481.740
389.422
830.758
365.135
313.318
230.110
221.782
185.050
721.997
418.011
232.845
591.427
846.164
835.715
886.833
165.412
415.998
459.009
798.264
834.731
740.854
876.014
748.837
752.919
159.930
838.134
385.376
965.611
831.029
820.386
187.385
772.768
233.427
761.522
794.175
664.648
235.755
915.946
301.991
367.449
647.706
974.000
931.944
874.528
581.973
638.629
218.412
271.898
583.505
737.621
304.842
997.491
861.031
762.515
257.277
536.981
540.690
308.048
993.575
642.553
333.874
898.380
704.639
305.915
336.495
495.959
179.796
873.411
415.657
641.686
579.726
501.851
675.745
603.585
964.697
267.157
784.689
655.148
985.034
649.263
870.426
813.213
605.600
966.717
175.708
913.926
321.570
319.527
870.800
218.870
153.498
570.648
590.875
861.940
827.497
234.009
714.032
428.697
431.005
897.002
446.741
951.465
801.114
937.698
837.567
284.845
566.630
773.403
769.920
412.533
504.770
688.734
172.203
945.639
363.978
893.297
541.293
558.242
317.471
885.138
707.751
556.165
361.804
684.894
830.637
687.752
376.703
684.322
649.765
343.720
878.610
596.702
527.238
388.827
755.510
835.326
211.295
959.969
519.753
775.925
782.195
521.008
864.771
536.406
321.126
444.541
328.659
614.689
742.025
731.857
434.877
356.456
980.073
545.028
463.302
577.192
986.278
859.518
513.978
578.340
352.643
781.877
383.746
981.729
633.502
982.375
956.089
358.168
641.981
633.389
747.127
949.921
165.776
623.076
663.667
662.015
332.716
589.216
876.656
296.770
440.237
182.131
849.476
769.351
745.986
863.639
621.929
914.169
835.865
597.465
708.322
714.603
553.813
933.876
690.152
562.838
702.038
194.386
204.301
282.536
800.081
358.192
572.599
171.035
887.964
767.910
819.989
807.589
767.486
959.452
764.224
722.899
342.282
176.918
493.317
923.372
298.326
717.016
623.644
719.285
616.807
848.342
503.800
331.557
842.696
910.543
344.878
213.627
644.271
552.498
192.891
399.826
446.006
1004.632
542.498
867.056
878.240
632.243
961.322
679.177
180.964
475.404
887.818
672.313
538.875
699.182
907.743
192.053
569.503
360.507
639.650
881.746
388.266
336.191
713.828
791.711
799.894
992.920
818.267
844.941
966.730
538.706
246.228
235.741
255.533
948.385
581.784
712.319
872.130
829.055
559.965
437.353
911.671
297.226
696.325
382.893
790.065
850.609
660.299
953.172
992.405
836.883
309.109
600.189
766.211
475.980
763.084
885.617
742.902
769.181
857.623
360.899
707.408
754.216
512.252
487.500
867.431
818.835
618.919
861.786
634.531
980.736
166.945
882.312
831.421
651.269
977.084
954.876
593.080
821.179
918.428
181.547
637.971
539.855
250.880
313.590
833.028
897.293
694.389
784.274
911.676
427.543
840.375
1005.741
797.448
794.963
928.989
460.421
924.779
393.469
740.267
937.004
543.099
224.338
559.391
568.006
948.238
875.525
880.615
945.983
338.508
614.158
555.945
734.080
910.248
759.380
823.378
863.295
584.769
428.120
906.309
927.443
410.114
673.903
716.561
989.621
560.841
359.928
520.381
834.546
461.140
180.590
978.468
330.398
284.001
854.009
670.597
173.168
391.343
528.475
686.609
559.092
824.514
665.139
847.701
526.632
474.412
364.557
859.675
460.997
530.657
979.409
898.695
557.093
405.301
684.462
869.301
608.172
689.467
565.477
962.674
718.831
821.972
605.878
514.553
764.509
310.691
416.575
343.141
596.918
790.412
680.892
328.620
724.700
789.240
479.209
285.742
355.299
367.191
579.488
600.718
682.554
210.712
704.324
729.182
846.075
913.458
407.913
327.501
843.468
490.661
508.798
995.535
925.131
332.136
340.824
842.673
446.009
889.659
728.874
661.206
812.586
760.806
418.792
891.839
214.792
705.101
557.668
300.514
448.313
651.141
908.852
820.539
885.249
449.658
607.599
528.357
753.352
983.491
593.260
914.525
558.508
620.498
489.995
221.395
581.210
741.146
729.628
349.510
564.561
529.709
514.067
534.006
480.012
734.523
491.530
466.775
525.998
919.561
773.824
795.532
428.821
644.843
941.159
345.457
802.332
719.742
1011.838
865.929
247.941
696.732
270.691
761.945
240.411
629.370
784.153
205.467
933.528
977.749
926.317
831.326
280.517
635.558
399.613
455.231
885.984
770.450
996.856
974.419
267.738
958.332
981.067
253.207
990.178
668.309
859.109
454.717
968.408
935.268
831.812
745.416
598.996
485.306
726.496
199.052
834.156
254.370
512.795
829.622
464.670
822.242
850.766
517.429
631.098
990.955
311.221
907.027
858.760
976.234
196.719
834.163
643.698
770.027
864.801
438.619
905.232
951.124
779.030
619.064
622.597
884.514
900.910
984.606
364.507
757.663
726.047
238.082
190.886
526.618
191.182
622.073
929.339
344.189
468.489
207.215
186.218
803.492
903.434
664.877
944.607
612.185
447.736
159.345
169.282
404.447
931.785
823.554
422.678
933.069
695.182
884.146
573.747
762.376
677.461
410.801
433.314
224.111
693.920
741.995
817.604
484.044
396.325
377.860
318.228
781.779
435.622
715.746
564.900
996.300
990.627
980.700
554.990
589.770
212.461
161.100
529.092
279.936
794.394
746.402
866.305
282.839
895.308
627.087
920.687
282.259
197.303
593.834
431.582
692.039
398.794
917.307
552.633
682.035
780.111
728.287
488.660
176.876
574.896
738.002
411.956
974.086
710.035
654.266
899.824
675.353
269.477
680.641
422.926
703.250
657.438
926.536
765.786
391.736
311.850
938.690
783.015
393.842
155.252
711.177
960.984
686.364
363.399
804.358
568.580
549.625
618.491
768.781
563.743
805.571
938.738
709.464
440.107
695.754
934.572
921.962
947.699
895.479
507.674
865.553
1010.730
734.009
846.641
574.637
515.336
585.801
806.379
445.428
448.931
638.119
491.991
1006.297
703.713
190.303
916.656
187.969
571.219
619.637
469.567
802.737
601.291
794.994
466.184
888.550
740.706
573.173
217.122
522.885
502.468
468.870
193.803
787.567
808.608
470.218
855.724
1009.068
676.799
883.778
895.842
394.672
682.076
712.914
749.977
712.000
896.568
220.617
745.091
671.480
999.079
499.895
967.053
847.317
431.860
645.989
508.317
374.251
935.615
154.667
301.411
179.212
357.035
1000.190
798.375
917.365
777.602
429.274
713.371
631.671
517.234
946.326
830.245
924.076
329.239
374.968
772.139
876.757
175.124
697.667
562.003
720.313
780.945
859.139
588.662
270.643
542.154
789.274
597.849
592.686
721.455
441.590
891.474
424.992
667.096
412.499
283.420
577.470
832.461
620.210
264.568
715.196
400.981
577.766
200.220
242.595
877.222
368.607
920.197
629.952
286.903
689.207
405.602
763.657
292.127
519.730
326.621
566.858
683.179
744.654
345.139
605.305
828.676
510.881
617.336
447.472
706.038
452.349
306.632
354.495
696.897
472.342
609.359
445.276
775.506
898.742
519.155
497.288
921.250
998.468
333.295
596.371
768.757
972.323
550.265
728.735
563.412
158.761
868.930
785.518
674.029
189.719
185.633
771.295
499.591
261.345
756.247
317.069
692.897
990.299
518.495
655.759
204.884
504.195
764.935
971.413
616.198
499.015
420.617
218.287
966.044
323.600
621.549
656.865
732.747
174.540
295.014
628.852
539.280
272.386
551.349
987.670
908.288
664.158
738.504
288.644
411.705
823.946
532.956
980.404
685.889
642.194
969.403
410.910
306.983
229.352
163.438
496.136
783.584
977.910
373.234
718.601
206.633
373.376
952.490
785.104
616.772
756.372
750.547
855.344
292.708
670.022
888.916
973.441
944.308
884.573
516.854
839.836
765.361
410.223
613.906
551.450
259.566
625.942
239.829
255.750
787.174
309.531
479.890
564.322
324.024
924.066
247.973
833.766
686.037
584.079
955.556
341.324
265.804
851.176
319.967
281.098
732.868
699.999
810.881
680.162
333.564
609.892
274.709
961.660
913.362
235.173
854.582
433.891
856.843
916.743
491.327
403.292
899.103
609.894
656.256
439.660
975.419
721.094
624.167
949.413
576.904
922.940
580.850
244.483
888.529
979.741
435.628
744.276
724.250
788.001
993.902
524.907
444.275
640.835
891.109
863.073
365.713
807.472
923.020
693.450
453.998
660.219
857.409
486.650
530.082
881.936
157.591
710.606
568.930
808.798
575.205
765.933
375.124
666.593
844.374
525.377
202.552
890.379
948.042
594.407
242.738
950.482
831.893
675.835
373.812
615.219
926.185
658.241
683.750
685.413
628.806
477.708
544.300
736.738
884.882
251.876
804.630
763.654
442.330
651.770
907.385
219.908
198.469
817.130
845.508
513.402
698.611
789.843
589.818
428.058
315.402
219.452
613.094
769.604
798.672
916.301
774.476
727.840
690.039
883.042
708.789
673.457
432.736
870.999
731.157
809.200
432.159
714.284
377.281
818.002
735.410
877.787
736.291
922.667
414.265
506.386
186.802
711.084
635.045
414.081
986.023
371.619
391.158
661.699
448.889
366.298
659.725
924.428
532.381
598.556
835.298
587.553
397.515
156.422
384.598
814.858
259.602
228.188
920.124
897.566
274.128
476.474
932.831
922.377
543.700
798.944
515.703
890.013
471.370
843.807
578.599
902.353
941.850
651.714
543.304
387.985
659.231
182.715
887.451
425.812
612.562
286.323
942.885
277.614
641.177
332.581
490.379
586.441
698.601
945.431
860.275
513.431
409.068
274.298
403.869
161.394
515.128
623.121
150.881
289.805
799.079
800.707
217.705
565.709
954.195
498.586
918.782
827.920
709.248
706.609
982.722
723.350
338.435
921.609
939.776
949.071
761.949
958.274
678.723
666.118
742.565
550.200
750.319
756.817
655.262
350.782
811.610
722.448
215.375
989.314
521.455
592.113
803.953
938.391
189.136
716.317
776.184
688.895
744.216
719.171
231.531
940.468
733.636
348.931
958.892
865.904
901.271
840.763
627.294
632.816
480.571
951.807
347.030
162.269
215.957
346.086
949.755
268.319
657.249
381.908
583.093
735.720
201.215
371.499
917.011
576.618
751.687
906.032
380.750
263.670
334.453
558.817
872.696
365.404
169.866
518.004
303.151
814.013
869.678
966.381
495.300
997.817
751.620
308.371
772.198
178.628
656.293
741.585
944.263
887.399
362.708
986.682
593.630
521.634
676.317
456.153
943.747
758.951
259.020
616.278
392.891
724.308
864.048
183.299
959.291
297.350
859.896
816.409
547.901
978.081
580.062
865.338
654.576
359.349
427.293
674.601
316.438
976.751
612.758
413.111
786.761
737.180
493.833
915.616
796.669
776.764
606.676
509.374
904.903
610.963
476.556
344.299
894.178
624.689
747.697
856.484
857.976
586.997
613.626
797.039
993.518
1009.623
969.738
375.547
945.295
689.680
458.114
654.764
896.437
970.743
353.561
458.297
639.690
731.412
646.747
215.388
555.370
560.540
797.238
441.391
658.582
775.045
606.452
947.115
605.061
759.666
929.689
576.044
276.677
672.450
978.746
288.064
905.591
843.853
470.794
441.968
804.060
962.253
722.025
823.949
462.150
240.993
840.970
570.076
1004.077
973.084
882.673
748.145
764.793
819.403
538.269
249.136
372.655
838.049
965.708
557.338
867.602
196.263
771.629
467.336
733.192
457.537
296.189
387.141
994.228
440.849
646.561
810.313
488.652
557.923
640.263
720.884
934.756
779.600
863.672
399.248
973.418
706.025
310.167
413.291
600.144
837.660
935.318
314.362
639.117
924.629
726.591
225.859
607.025
786.347
278.775
894.025
663.732
1007.960
299.422
948.799
871.564
784.722
660.871
938.128
170.450
876.090
860.242
643.208
397.973
694.859
462.726
979.584
487.321
171.262
781.362
826.316
352.404
755.108
355.877
968.969
637.398
294.449
774.665
582.533
444.851
937.351
693.468
848.468
986.836
184.466
648.761
322.285
934.224
411.378
880.049
931.087
536.446
908.818
780.169
622.503
787.588
755.079
422.349
962.336
264.251
843.082
501.893
669.453
571.790
201.969
1005.186
871.547
947.676
295.609
470.956
699.533
776.345
862.918
394.626
374.390
423.503
570.877
927.588
672.935
590.965
417.228
497.931
822.810
236.919
348.352
567.781
988.328
548.483
940.938
894.388
975.086
765.363
732.298
705.563
436.199
676.888
538.131
983.714
400.430
451.196
801.520
947.356
377.732
247.391
999.635
730.586
814.413
880.459
736.861
505.741
625.368
530.325
478.284
669.535
952.165
785.860
662.587
998.794
906.596
643.126
326.342
524.755
700.929
967.290
532.169
350.089
873.038
648.258
691.754
434.125
667.165
361.085
467.474
275.290
833.596
453.278
599.645
268.259
745.965
944.951
510.241
778.439
928.639
953.854
353.570
645.416
726.944
261.926
290.539
430.343
671.741
451.772
789.652
370.920
850.001
703.182
893.048
541.896
812.813
796.631
929.131
697.468
734.580
647.134
154.083
701.394
351.246
494.409
963.011
979.078
574.069
862.541
957.935
647.755
828.283
584.653
844.239
370.342
868.181
874.959
539.481
987.999
759.096
528.932
254.951
516.279
793.257
421.194
546.751
965.034
909.533
911.319
996.840
263.327
549.672
772.561
543.878
795.404
368.968
668.561
222.871
395.499
681.598
390.506
738.572
698.039
858.542
713.461
788.414
803.143
192.636
322.865
917.720
526.057
912.389
724.879
972.416
878.980
440.814
466.760
351.714
978.413
991.938
603.441
537.556
588.670
636.584
920.550
223.529
903.210
586.374
866.470
523.181
811.449
490.955
580.288
802.923
899.827
607.214
458.691
700.464
590.392
657.745
275.870
708.893
677.762
203.718
284.581
197.928
493.258
547.291
928.005
728.304
239.877
474.252
683.031
346.615
854.963
730.967
737.432
933.631
970.087
995.861
994.882
937.566
499.241
296.122
615.625
850.384
868.555
426.966
221.200
396.359
496.712
852.676
452.556
662.191
819.971
996.188
241.574
910.962
352.983
432.616
339.087
670.508
467.913
802.355
562.264
999.769
864.205
554.221
628.333
206.048
794.585
862.164
398.670
563.986
881.567
583.652
508.223
842.309
248.554
826.784
1003.522
959.630
611.496
245.646
381.330
963.686
321.706
601.864
366.292
799.512
883.442
531.555
788.136
635.107
992.266
551.923
501.200
930.256
421.128
385.954
570.303
213.044
406.180
585.327
232.263
672.885
970.408
612.029
989.970
594.179
764.083
963.932
912.235
989.642
436.776
159.347
165.192
262.079
379.594
406.757
290.386
527.857
256.114
932.134
160.516
297.930
231.681
964.360
984.374
647.251
417.730
969.068
892.483
468.173
991.610
630.406
580.636
405.025
481.928
